%t	atomi	entropia	dist		dist_ridotta
1	671	4.509812	0.000000	0.000000
2	495	3.623701	7.767672	7.767672
3	495	3.623701	8.278074	8.278878
4	382	3.215075	8.632273	8.632957
5	382	3.215075	8.674365	8.675006
6	330	2.490446	9.447784	9.448389
7	330	2.490446	9.660271	9.660804
8	328	2.484088	9.625251	9.646402
9	328	2.484088	9.763677	9.764146
10	313	2.429203	9.837657	9.838101
11	313	2.429203	9.564740	9.565178
12	300	2.272421	9.473634	9.474101
13	300	2.272421	9.664327	9.664777
14	295	2.116448	9.959001	9.959438
15	295	2.116448	9.829573	9.829994
16	315	2.409754	9.420845	9.421275
17	315	2.409754	9.379118	9.379575
18	313	2.410286	9.484301	9.484730
19	313	2.410286	9.122689	9.123120
20	348	2.334864	9.116726	9.118197
21	348	2.334864	9.264771	9.265243
22	320	2.204367	9.328497	9.328952
23	320	2.204367	9.169553	9.169996
24	297	1.979616	9.644989	9.645432
25	297	1.979616	9.599442	9.599868
26	331	2.288812	9.164925	9.165336
27	331	2.288812	9.558143	9.558584
28	319	1.847084	10.168343	10.168754
29	319	1.847084	9.863694	9.864061
30	325	2.005002	9.688268	9.688644
31	325	2.005002	9.889956	9.890350
32	345	2.066876	9.760458	9.760832
33	345	2.066876	9.638773	9.639154
34	316	1.898717	9.542462	9.542878
35	316	1.898717	9.601027	9.601426
36	303	1.848066	9.734323	9.734714
37	303	1.848066	9.807880	9.808268
38	325	2.088962	9.331026	9.331417
39	325	2.088962	9.537039	9.537455
40	311	1.957071	9.712969	9.713387
41	311	1.957071	9.831570	9.831973
42	332	2.008466	9.767976	9.768352
43	332	2.008466	9.650208	9.650592
44	292	1.926691	9.837633	9.838010
45	292	1.926691	9.662309	9.662679
46	295	2.054816	9.509276	9.509654
47	295	2.054816	9.391323	9.391713
48	285	1.951355	9.592192	9.592599
49	285	1.951355	9.849105	9.849502
50	309	2.012387	9.624043	9.624435
51	309	2.012387	9.739984	9.740380
52	307	1.733798	10.001217	10.001613
53	307	1.733798	10.061847	10.062216
54	322	1.790484	10.055657	10.056013
55	322	1.790484	10.270081	10.270442
56	333	1.438212	10.504058	10.504417
57	333	1.438212	10.556987	10.557309
58	323	1.589109	10.322341	10.322654
59	323	1.589109	10.283859	10.284187
60	310	1.913084	9.869948	9.870289
61	310	1.913084	9.958808	9.959183
62	300	1.992531	9.879617	9.879973
63	300	1.992531	9.725807	9.726171
64	307	1.705849	10.173085	10.173474
65	307	1.705849	10.085024	10.085384
66	303	2.189002	9.585080	9.585448
67	303	2.189002	9.565551	9.565964
68	335	2.257503	9.350722	9.351141
69	335	2.257503	9.559680	9.560106
70	313	1.965897	10.006145	10.006539
71	313	1.965897	10.052623	10.052987
72	285	1.441531	10.540980	10.541353
73	285	1.441531	10.540200	10.540522
74	311	1.584030	10.303096	10.303420
75	311	1.584030	10.418709	10.419048
76	318	1.980861	10.022151	10.022475
77	318	1.980861	9.821519	9.821886
78	323	2.119415	9.598124	9.598509
79	323	2.119415	9.803493	9.803893
80	332	1.852726	10.046713	10.047094
81	332	1.852726	9.887976	9.888330
82	344	1.913869	9.724972	9.725346
83	344	1.913869	10.077431	10.078806
84	352	2.138886	9.793306	9.793666
85	352	2.138886	9.559121	9.559507
86	325	1.740214	10.059744	10.070265
87	325	1.740214	10.071624	10.071999
88	342	2.116226	9.619755	9.620111
89	342	2.116226	9.622444	9.622838
90	347	1.763698	10.052979	10.053370
91	347	1.763698	10.021026	10.021381
92	329	1.871309	9.923287	9.923667
93	329	1.871309	9.756466	9.756857
94	348	1.901899	9.853499	9.853881
95	348	1.901899	9.878004	9.878388
96	359	1.958974	9.922231	9.922601
97	359	1.958974	9.776116	9.776493
98	349	1.951479	9.743680	9.744074
99	349	1.951479	9.681495	9.681890
100	361	2.004692	9.651055	9.651440
101	361	2.004692	9.608536	9.610293
102	347	2.044978	9.606022	9.612125
103	347	2.044978	9.706214	9.706596
104	351	2.046345	9.667201	9.667582
105	351	2.046345	9.585102	9.585481
106	353	2.124135	9.335976	9.336386
107	353	2.124135	9.479951	9.480368
108	359	2.165357	9.445679	9.446090
109	359	2.165357	9.413875	9.414290
110	360	2.155701	9.382167	9.382578
111	360	2.155701	9.454522	9.454930
112	325	1.846546	9.883848	9.890737
113	325	1.846546	9.769800	9.770182
114	378	2.047499	9.487747	9.488118
115	378	2.047499	9.529519	9.529907
116	319	1.989595	9.401169	9.401559
117	319	1.989595	9.595479	9.595868
118	341	2.009479	9.478666	9.479060
119	341	2.009479	9.638781	9.639173
120	352	1.833740	10.127979	10.128360
121	352	1.833740	10.022301	10.022667
122	342	2.069278	9.809134	9.809504
123	342	2.069278	9.793606	9.794001
124	332	1.892677	9.979782	9.980176
125	332	1.892677	10.131589	10.131967
126	365	2.002069	9.822242	9.822615
127	365	2.002069	9.836044	9.836426
128	346	1.741790	10.360186	10.372676
129	346	1.741790	10.252733	10.253089
130	337	1.897941	9.884876	9.885215
131	337	1.897941	9.910447	9.910798
132	346	2.047289	9.999423	9.999784
133	346	2.047289	9.726859	9.727235
134	339	1.696816	10.032079	10.032481
135	339	1.696816	10.190182	10.190548
136	332	1.879244	9.948769	9.949134
137	332	1.879244	9.933041	9.933423
138	337	1.957003	9.925622	9.925981
139	337	1.957003	9.796671	9.797037
140	352	2.046207	9.758524	9.758903
141	352	2.046207	9.739960	9.740348
142	326	1.866246	9.957348	9.957725
143	326	1.866246	9.855822	9.856184
144	319	1.797735	10.042668	10.043032
145	319	1.797735	10.029547	10.029906
146	334	1.634162	10.228981	10.229366
147	334	1.634162	9.960795	9.961163
148	317	1.813896	9.847914	9.850558
149	317	1.813896	10.150452	10.150854
150	319	1.737108	10.333867	10.334207
151	319	1.737108	10.322040	10.322371
152	323	2.257245	9.620515	9.620877
153	323	2.257245	9.829153	9.829563
154	307	1.655782	10.396975	10.397349
155	307	1.655782	10.301874	10.302188
156	331	1.870224	10.096254	10.096581
157	331	1.870224	9.865995	9.866343
158	324	1.866407	10.010748	10.011121
159	324	1.866407	9.833462	9.833834
160	302	1.807683	9.959039	9.959422
161	302	1.807683	10.215884	10.227900
162	300	1.921219	10.138841	10.139182
163	300	1.921219	9.952504	9.952856
164	314	1.941545	9.871909	9.872300
165	314	1.941545	10.385661	10.386053
166	287	2.086520	10.152405	10.152744
167	287	2.086520	9.787996	9.788351
168	321	1.935872	10.191698	10.192076
169	321	1.935872	9.904009	9.904373
170	337	1.934601	10.028360	10.028749
171	337	1.934601	10.095534	10.095925
172	360	2.103608	9.882065	9.882429
173	360	2.103608	9.202792	9.203172
174	311	1.845881	9.617931	9.618391
175	311	1.845881	9.744533	9.744971
176	327	2.391626	9.428994	9.429369
177	327	2.391626	8.919583	8.920015
178	312	1.585102	9.889615	9.890080
179	312	1.585102	9.914796	9.915183
180	303	1.685761	9.990703	9.991051
181	303	1.685761	10.022307	10.022667
182	291	1.689534	10.128721	10.129082
183	291	1.689534	10.277034	10.277396
184	292	2.100005	9.799771	9.800120
185	292	2.100005	9.727147	9.727537
186	320	1.825185	9.974485	9.974869
187	320	1.825185	10.156926	10.157281
188	345	1.926921	9.887682	9.888048
189	345	1.926921	9.793743	9.794118
190	357	1.729683	10.120271	10.120640
191	357	1.729683	10.139649	10.139999
192	315	1.826044	10.054047	10.054389
193	315	1.826044	9.868745	9.869097
194	334	1.917628	9.755988	9.756355
195	334	1.917628	9.781719	9.782097
196	349	1.952261	9.773805	9.774197
197	349	1.952261	9.783381	9.783777
198	364	1.971248	9.866949	9.867328
199	364	1.971248	9.849709	9.850091
200	372	1.752950	10.289942	10.290310
201	372	1.752950	10.260837	10.261180
202	344	1.875961	10.010056	10.010394
203	344	1.875961	10.034795	10.035144
204	305	1.888086	10.155044	10.155391
205	305	1.888086	9.891534	9.891882
206	315	1.826444	9.881917	9.882289
207	315	1.826444	9.755354	9.755719
208	340	2.031755	9.584793	9.585180
209	340	2.031755	9.494057	9.494463
210	315	1.917422	9.774665	9.775051
211	315	1.917422	9.644611	9.644988
212	304	1.933657	9.783830	9.784208
213	304	1.933657	9.656008	9.656389
214	324	2.010851	9.621611	9.622025
215	324	2.010851	9.515558	9.515981
216	318	1.862460	9.621543	9.621958
217	318	1.862460	9.796629	9.797031
218	294	2.013933	9.580331	9.580696
219	294	2.013933	9.671636	9.672014
220	320	1.579363	10.233279	10.233661
221	320	1.579363	10.403132	10.403468
222	318	2.177736	9.838008	9.838323
223	318	2.177736	9.619808	9.620184
224	345	2.047479	9.708708	9.709100
225	345	2.047479	9.502396	9.502772
226	344	1.963409	9.631797	9.632196
227	344	1.963409	9.817260	9.817652
228	345	2.176784	9.585598	9.585964
229	345	2.176784	9.195696	9.196082
230	355	2.110160	9.342775	9.343207
231	355	2.110160	9.308389	9.308815
232	323	2.015825	9.463497	9.463912
233	323	2.015825	9.640270	9.640676
234	317	2.255775	9.316896	9.317309
235	317	2.255775	9.388069	9.388504
236	316	1.867105	9.817849	9.818277
237	316	1.867105	9.844058	9.844446
238	344	2.439456	9.072671	9.073072
239	344	2.439456	9.199434	9.199892
240	325	2.155625	9.371296	9.371748
241	325	2.155625	9.564331	9.564756
242	327	2.181417	9.649447	9.650805
243	327	2.181417	9.576038	9.576442
244	350	2.057514	9.748378	9.748785
245	350	2.057514	9.924538	9.924932
246	357	1.817022	10.228214	10.228566
247	357	1.817022	10.042997	10.043323
248	356	1.799085	9.934431	9.934783
249	356	1.799085	9.945636	9.945987
250	317	1.899625	9.800846	9.801207
251	317	1.899625	9.649725	9.650098
252	326	1.805115	9.553187	9.553582
253	326	1.805115	9.907962	9.908345
254	338	2.059375	9.628821	9.629184
255	338	2.059375	9.468242	9.468629
256	330	1.815850	9.924601	9.924999
257	330	1.815850	9.751857	9.752233
258	351	2.127942	9.340023	9.340411
259	351	2.127942	9.359320	9.359738
260	331	2.127159	9.306192	9.306619
261	331	2.127159	9.419707	9.420135
262	337	1.929683	9.681032	9.681445
263	337	1.929683	9.622958	9.623351
264	330	2.158770	9.363390	9.363779
265	330	2.158770	9.378532	9.378946
266	308	2.078544	9.572991	9.573398
267	308	2.078544	9.660785	9.661186
268	306	1.986344	9.634242	9.634637
269	306	1.986344	9.671234	9.671616
270	306	1.906569	9.742490	9.742879
271	306	1.906569	9.908394	9.908778
272	332	2.072063	9.579986	9.580370
273	332	2.072063	9.879614	9.880014
274	309	1.932095	9.928508	9.928883
275	309	1.932095	9.632797	9.633159
276	313	2.060002	9.470531	9.470931
277	313	2.060002	9.407964	9.408376
278	297	1.969493	9.705149	9.705563
279	297	1.969493	9.588335	9.588742
280	342	2.190358	9.306313	9.306729
281	342	2.190358	9.166823	9.167260
282	343	2.264988	9.250758	9.251186
283	343	2.264988	9.386697	9.387130
284	348	2.140201	9.441437	9.441861
285	348	2.140201	9.571357	9.571770
286	322	2.108932	9.578523	9.578932
287	322	2.108932	9.545085	9.545489
288	368	2.098480	9.519522	9.519948
289	368	2.098480	9.692986	9.693408
290	323	1.950870	9.856193	9.856600
291	323	1.950870	9.906459	9.906851
292	321	1.815637	10.030896	10.031254
293	321	1.815637	9.998338	9.998681
294	327	2.046500	9.709907	9.710254
295	327	2.046500	9.608088	9.608458
296	321	1.824364	9.905121	9.905504
297	321	1.824364	10.136063	10.136425
298	320	1.970413	9.845242	9.845588
299	320	1.970413	9.772998	9.773357
300	353	1.979967	9.779313	9.779692
301	353	1.979967	9.882739	9.885253
302	319	1.819058	10.046558	10.046924
303	319	1.819058	10.024746	10.025098
304	356	2.144689	9.708440	9.708782
305	356	2.144689	9.817268	9.817642
306	285	1.846191	10.158176	10.158552
307	285	1.846191	9.658958	9.659309
308	301	1.867244	9.608845	9.609245
309	301	1.867244	9.671662	9.672064
310	324	2.204387	9.339668	9.340057
311	324	2.204387	9.755224	9.755647
312	317	1.724052	10.115508	10.115902
313	317	1.724052	10.226195	10.226540
314	341	1.759213	10.259255	10.259606
315	341	1.759213	10.006519	10.006874
316	315	2.094334	9.578321	9.578691
317	315	2.094334	9.614228	9.614634
318	302	1.877948	10.064790	10.065200
319	302	1.877948	10.222858	10.223248
320	295	1.947836	9.961348	9.961707
321	295	1.947836	9.637655	9.638019
322	312	2.026833	9.559250	9.559664
323	312	2.026833	9.759690	9.760112
324	312	1.928659	9.940843	9.941237
325	312	1.928659	10.019523	10.019904
326	317	1.865640	9.934618	9.935004
327	317	1.865640	10.214836	10.215216
328	306	1.940973	10.072163	10.072508
329	306	1.940973	10.126330	10.126682
330	328	2.144107	9.776393	9.776757
331	328	2.144107	9.663719	9.664106
332	319	1.804042	10.126124	10.126525
333	319	1.804042	9.835484	9.835851
334	316	2.151863	9.515453	9.515845
335	316	2.151863	9.614300	9.614727
336	337	1.690272	10.062311	10.062722
337	337	1.690272	10.134196	10.134557
338	351	2.103033	9.541683	9.542053
339	351	2.103033	9.500729	9.501141
340	341	2.483163	9.182371	9.182773
341	341	2.483163	9.001646	9.002085
342	325	1.737283	10.172741	10.173179
343	325	1.737283	10.039818	10.040182
344	304	2.076044	9.833582	9.833942
345	304	2.076044	9.930439	9.930834
346	319	1.983311	9.660174	9.660566
347	319	1.983311	10.078946	10.079327
348	333	2.097668	9.792269	9.792632
349	333	2.097668	9.638254	9.638628
350	312	2.166268	9.412549	9.412963
351	312	2.166268	9.411360	9.411783
352	303	2.104078	9.566217	9.566632
353	303	2.104078	9.715276	9.715686
354	306	2.017310	9.909577	9.909958
355	306	2.017310	9.880768	9.881141
356	337	2.081949	9.758180	9.758577
357	337	2.081949	9.951307	9.951709
358	331	2.179496	9.821341	9.821708
359	331	2.179496	9.341716	9.342094
360	321	1.930113	9.770512	9.770940
361	321	1.930113	9.630660	9.632065
362	337	2.142122	9.485303	9.485698
363	337	2.142122	9.527814	9.528230
364	294	1.915157	9.679227	9.679611
365	294	1.915157	9.461280	9.461643
366	312	2.158343	9.081889	9.082305
367	312	2.158343	9.501971	9.502413
368	329	2.045792	9.512892	9.513312
369	329	2.045792	9.540877	9.541283
370	309	2.076670	9.618204	9.618602
371	309	2.076670	9.739608	9.740008
372	311	1.893967	9.874025	9.874410
373	311	1.893967	9.827488	9.827855
374	344	1.844233	9.894358	9.894726
375	344	1.844233	10.007886	10.008248
376	332	1.717023	10.151873	10.152212
377	332	1.717023	10.164048	10.164376
378	350	1.786341	9.836255	9.836592
379	350	1.786341	10.084892	10.085234
380	327	1.919490	9.985487	9.985827
381	327	1.919490	9.605899	9.606253
382	343	1.756075	9.924163	9.924519
383	343	1.756075	10.235278	10.235622
384	344	1.837296	9.949852	9.950186
385	344	1.837296	9.877328	9.877670
386	343	1.923593	9.739662	9.740020
387	343	1.923593	9.545449	9.554877
388	344	1.945548	9.643873	9.644247
389	344	1.945548	9.688481	9.688857
390	328	1.746730	9.970516	9.970877
391	328	1.746730	10.011778	10.012120
392	349	1.911399	9.820257	9.820602
393	349	1.911399	9.728359	9.728720
394	322	1.758732	9.943582	9.943941
395	322	1.758732	10.010400	10.010746
396	318	1.974647	9.734633	9.734969
397	318	1.974647	9.909441	9.909800
398	305	1.463597	10.543728	10.544067
399	305	1.463597	10.371602	10.371890
400	312	1.794753	9.942017	9.942346
401	312	1.794753	9.815054	9.815415
402	322	1.990186	9.322301	9.322690
403	322	1.990186	9.619834	9.620241
404	357	2.093178	9.524409	9.524810
405	357	2.093178	9.707202	9.707614
406	348	2.157763	9.636534	9.636924
407	348	2.157763	9.729248	9.729644
408	329	2.174914	9.658866	9.659251
409	329	2.174914	9.633028	9.633417
410	293	2.038067	9.937358	9.937735
411	293	2.038067	9.652326	9.652693
412	306	2.129019	9.485979	9.486380
413	306	2.129019	9.337959	9.338371
414	318	2.006091	9.557967	9.558399
415	318	2.006091	9.600694	9.601115
416	324	2.118202	9.577853	9.578241
417	324	2.118202	9.467857	9.468256
418	313	2.165826	9.534500	9.534906
419	313	2.165826	9.332451	9.332863
420	288	2.000869	9.426922	9.427350
421	288	2.000869	9.514286	9.514699
422	313	1.852307	9.726986	9.727381
423	313	1.852307	9.671297	9.671680
424	335	1.986743	9.501122	9.501505
425	335	1.986743	9.683639	9.684035
426	315	1.667154	10.051640	10.052013
427	315	1.667154	10.187067	10.187406
428	339	1.988618	9.665491	9.680425
429	339	1.988618	9.927697	9.928075
430	313	1.870833	9.942301	9.942681
431	313	1.870833	10.084858	10.085228
432	330	1.819000	9.905584	9.905940
433	330	1.819000	10.042356	10.042706
434	342	1.921829	9.924252	9.924625
435	342	1.921829	9.873275	9.873662
436	329	1.788346	10.029033	10.029394
437	329	1.788346	9.803597	9.803944
438	338	2.622195	8.991541	8.991908
439	338	2.622195	8.738612	8.739061
440	310	2.079254	9.330589	9.331055
441	310	2.079254	9.353433	9.353845
442	322	1.501132	10.222156	10.222573
443	322	1.501132	10.269051	10.269411
444	349	2.134456	9.492949	9.493298
445	349	2.134456	9.536833	9.537243
446	320	1.806258	9.973444	9.973848
447	320	1.806258	9.933124	9.933495
448	305	1.762548	9.955127	9.957615
449	305	1.762548	10.174903	10.175260
450	323	1.673628	10.184351	10.184707
451	323	1.673628	10.335422	10.335767
452	316	1.802574	9.909726	9.910056
453	316	1.802574	10.024015	10.024357
454	325	2.057512	9.603349	9.603715
455	325	2.057512	9.868973	9.869365
456	312	1.643873	10.270026	10.270405
457	312	1.643873	10.278184	10.278520
458	320	1.746478	10.159778	10.160111
459	320	1.746478	9.955207	9.955550
460	315	2.003831	9.748991	9.749323
461	315	2.003831	9.913438	9.913802
462	314	1.830879	9.982795	9.983165
463	314	1.830879	10.101830	10.102186
464	314	1.720555	10.202548	10.202890
465	314	1.720555	9.846910	9.847241
466	327	2.034552	9.243887	9.244285
467	327	2.034552	9.461217	9.461642
468	313	2.326516	9.261786	9.262196
469	313	2.326516	9.757878	9.758320
470	288	2.141159	9.917371	9.917753
471	288	2.141159	9.524441	9.524805
472	288	1.826872	9.833483	9.833910
473	288	1.826872	10.226413	10.226809
474	326	2.156158	9.745648	9.745980
475	326	2.156158	9.733753	9.734120
476	301	1.710312	10.378517	10.378893
477	301	1.710312	10.055151	10.055485
478	321	1.965105	9.843160	9.843528
479	321	1.965105	10.140656	10.141050
480	325	1.957531	10.014567	10.014909
481	325	1.957531	9.889297	9.889637
482	322	1.873043	10.118213	10.118583
483	322	1.873043	9.967753	9.968114
484	310	1.797760	10.023448	10.023826
485	310	1.797760	9.936972	9.937341
486	314	2.066499	9.794258	9.794624
487	314	2.066499	9.683656	9.684050
488	338	1.937484	9.841661	9.842059
489	338	1.937484	9.778483	9.778869
490	335	1.972683	9.706156	9.708257
491	335	1.972683	9.733206	9.733608
492	340	2.030286	9.728215	9.728600
493	340	2.030286	9.422348	9.422741
494	337	2.076569	9.526028	9.526433
495	337	2.076569	9.537823	9.538232
496	328	1.955073	9.513073	9.513490
497	328	1.955073	9.217424	9.217828
498	337	1.965611	9.402574	9.402976
499	337	1.965611	9.749639	9.750045
500	314	1.741692	10.028687	10.029069
501	314	1.741692	10.041077	10.041435
502	351	2.199675	9.763256	9.763616
503	351	2.199675	9.311797	9.313214
504	355	2.331756	9.270331	9.270746
505	355	2.331756	8.907083	8.907511
506	357	2.071106	9.377496	9.377950
507	357	2.071106	9.500858	9.501284
508	340	2.003564	9.553318	9.553738
509	340	2.003564	9.636927	9.637338
510	317	1.868678	9.907355	9.907740
511	317	1.868678	9.886962	9.887335
512	313	1.837271	9.922653	9.923011
513	313	1.837271	9.698051	9.698406
514	311	1.923387	9.722320	9.722685
515	311	1.923387	9.879182	9.879557
516	325	1.982248	9.755331	9.755710
517	325	1.982248	9.658673	9.659059
518	307	1.926653	9.778372	9.778762
519	307	1.926653	9.827357	9.827738
520	353	1.912710	9.822653	9.823040
521	353	1.912710	9.538177	9.538563
522	324	1.867500	9.579327	9.579726
523	324	1.867500	9.830272	9.830667
524	328	2.033704	9.699981	9.700354
525	328	2.033704	9.900840	9.901232
526	329	2.109583	9.633575	9.633965
527	329	2.109583	9.781495	9.781891
528	299	1.714734	10.079436	10.079835
529	299	1.714734	10.128335	10.128694
530	303	1.748646	10.080753	10.081086
531	303	1.748646	9.941267	9.941603
532	333	2.033619	9.648742	9.649103
533	333	2.033619	9.856488	9.856874
534	330	1.841429	10.167950	10.168302
535	330	1.841429	9.989070	9.989405
536	300	1.608711	10.223557	10.223896
537	300	1.608711	10.087745	10.088063
538	325	1.575360	10.052580	10.052923
539	325	1.575360	10.031182	10.031521
540	335	1.747205	9.851158	9.851521
541	335	1.747205	9.908570	9.908952
542	362	2.115267	9.382244	9.382599
543	362	2.115267	9.582540	9.582932
544	334	1.662014	9.975754	9.976160
545	334	1.662014	10.046582	10.046942
546	317	2.149712	9.581983	9.582313
547	317	2.149712	9.227145	9.227528
548	316	1.938477	9.411246	9.411659
549	316	1.938477	9.406955	9.407347
550	329	1.976979	9.552143	9.552544
551	329	1.976979	9.529052	9.529459
552	339	1.778887	9.793504	9.793901
553	339	1.778887	10.061633	10.062012
554	341	1.477370	10.505413	10.505745
555	341	1.477370	10.482754	10.483054
556	341	1.835425	10.017369	10.017691
557	341	1.835425	10.109314	10.109671
558	344	1.967849	9.888520	9.888874
559	344	1.967849	9.774526	9.774894
560	342	1.731934	9.802302	9.802695
561	342	1.731934	10.091412	10.091779
562	335	1.759299	9.954048	9.959896
563	335	1.759299	10.135212	10.135564
564	344	1.992855	9.765845	9.766188
565	344	1.992855	9.714876	9.715241
566	327	1.886257	9.774172	9.774576
567	327	1.886257	10.099445	10.099837
568	328	1.951014	10.102814	10.103164
569	328	1.951014	9.567657	9.569017
570	348	2.093904	9.474338	9.474719
571	348	2.093904	9.627915	9.628310
572	336	2.141220	9.301748	9.302150
573	336	2.141220	9.541421	9.541824
574	301	1.813321	9.891254	9.891648
575	301	1.813321	10.033099	10.033461
576	305	1.490883	10.427830	10.428172
577	305	1.490883	10.196476	10.196787
578	305	1.859490	9.810832	9.811161
579	305	1.859490	10.099586	10.099950
580	304	1.590433	10.358836	10.359160
581	304	1.590433	10.281161	10.281457
582	323	1.615609	10.322314	10.322639
583	323	1.615609	10.187927	10.188254
584	330	1.808683	9.873610	9.873953
585	330	1.808683	10.282971	10.283333
586	321	1.705839	10.420900	10.421226
587	321	1.705839	10.071873	10.072188
588	322	1.670702	10.230679	10.231014
589	322	1.670702	10.400453	10.400782
590	311	1.653859	10.335067	10.335393
591	311	1.653859	10.268583	10.268907
592	309	1.654311	10.407788	10.408106
593	309	1.654311	10.258943	10.259260
594	303	1.898142	9.716487	9.716826
595	303	1.898142	10.241752	10.242114
596	313	1.850020	10.284666	10.285000
597	313	1.850020	10.086637	10.086964
598	327	1.808554	10.265568	10.265924
599	327	1.808554	10.146106	10.146456
600	332	1.765761	10.145542	10.145892
601	332	1.765761	10.202198	10.202545
602	336	1.706483	10.177902	10.178252
603	336	1.706483	10.193948	10.194290
604	324	1.618983	10.322730	10.323050
605	324	1.618983	10.427049	10.427357
606	309	1.441975	10.691886	10.692201
607	309	1.441975	10.421891	10.422186
608	320	1.584522	10.321762	10.322088
609	320	1.584522	10.284850	10.285190
610	319	1.959385	9.923938	9.924274
611	319	1.959385	10.182496	10.182869
612	309	1.893239	10.228520	10.228855
613	309	1.893239	9.747968	9.748295
614	317	1.994124	9.611937	9.613283
615	317	1.994124	9.911115	9.911512
616	325	2.011651	9.789710	9.790075
617	325	2.011651	9.544408	9.544776
618	302	1.983545	9.450308	9.450717
619	302	1.983545	9.678079	9.678486
620	310	2.055003	9.505701	9.506107
621	310	2.055003	9.761867	9.762280
622	329	1.956105	9.806130	9.806513
623	329	1.956105	9.744020	9.744393
624	332	2.037444	9.615202	9.615601
625	332	2.037444	9.713414	9.713820
626	344	2.243834	9.279051	9.279459
627	344	2.243834	9.389018	9.389448
628	317	2.045887	9.550802	9.551222
629	317	2.045887	9.464727	9.465128
630	323	2.132723	9.357587	9.366268
631	323	2.132723	9.279684	9.280100
632	310	2.107594	9.359926	9.360336
633	310	2.107594	9.320881	9.321290
634	312	1.945116	9.503391	9.503814
635	312	1.945116	9.570621	9.571027
636	318	1.871219	9.795289	9.795690
637	318	1.871219	9.635573	9.635967
638	335	2.045236	9.399808	9.400207
639	335	2.045236	9.624984	9.625400
640	349	2.222939	9.182596	9.182996
641	349	2.222939	9.306712	9.307128
642	373	2.181228	9.542398	9.542812
643	373	2.181228	9.437305	9.437715
644	349	2.087223	9.504798	9.505199
645	349	2.087223	9.723431	9.723826
646	322	1.991963	9.872277	9.872672
647	322	1.991963	9.806976	9.807360
648	307	1.882881	10.072935	10.073316
649	307	1.882881	9.943318	9.943688
650	308	2.197129	9.582501	9.582877
651	308	2.197129	9.793608	9.794016
652	297	2.358749	9.717756	9.718128
653	297	2.358749	9.123940	9.124328
654	304	1.984779	9.582688	9.583144
655	304	1.984779	9.767748	9.768165
656	295	1.694488	10.060115	10.060504
657	295	1.694488	10.175785	10.176144
658	327	2.106542	9.546697	9.547067
659	327	2.106542	9.351973	9.352383
660	317	1.870184	9.785534	9.785937
661	317	1.870184	9.923424	9.923806
662	305	2.175269	9.354504	9.354901
663	305	2.175269	9.259234	9.259658
664	334	2.050659	9.533580	9.533996
665	334	2.050659	9.492622	9.493024
666	330	2.006661	9.608246	9.608642
667	330	2.006661	9.494530	9.494923
668	304	2.046328	9.210671	9.211079
669	304	2.046328	9.499736	9.500147
670	344	2.420644	9.305728	9.306124
671	344	2.420644	9.269255	9.269688
672	334	2.094600	9.508987	9.509426
673	334	2.094600	9.538252	9.539642
674	338	1.945795	9.818380	9.818819
675	338	1.945795	9.865646	9.866070
676	359	2.114133	9.737895	9.738286
677	359	2.114133	9.595006	9.595412
678	339	2.079481	9.813997	9.814416
679	339	2.079481	9.752592	9.753008
680	328	2.109539	9.671351	9.671769
681	328	2.109539	9.543462	9.543883
682	325	2.062640	9.674189	9.674602
683	325	2.062640	9.623920	9.624331
684	302	2.134272	9.468136	9.468545
685	302	2.134272	9.534719	9.535137
686	309	2.099183	9.683974	9.684394
687	309	2.099183	9.450000	9.450415
688	309	1.944980	9.656817	9.657233
689	309	1.944980	9.739479	9.739881
690	330	2.169860	9.695112	9.695489
691	330	2.169860	9.484905	9.485305
692	311	1.837093	10.036248	10.036690
693	311	1.837093	10.064265	10.064675
694	324	2.026139	9.782528	9.782887
695	324	2.026139	9.783827	9.784205
696	314	1.646727	10.246174	10.246564
697	314	1.646727	10.459127	10.459476
698	338	1.712914	10.279690	10.280023
699	338	1.712914	10.255635	10.255974
700	327	2.091613	9.761604	9.761964
701	327	2.091613	9.426670	9.427071
702	312	2.035195	9.749874	9.750284
703	312	2.035195	9.613845	9.614251
704	316	1.947229	9.720066	9.720484
705	316	1.947229	9.856952	9.857362
706	307	1.971415	9.734601	9.735004
707	307	1.971415	9.870753	9.871158
708	309	2.198614	9.637768	9.638140
709	309	2.198614	9.456135	9.456529
710	319	2.068844	9.585024	9.585443
711	319	2.068844	9.708729	9.710138
712	326	1.771681	10.106238	10.106640
713	326	1.771681	10.158517	10.158889
714	320	1.961204	9.808037	9.808403
715	320	1.961204	9.711242	9.711626
716	339	1.901240	10.055966	10.056343
717	339	1.901240	9.945194	9.945567
718	308	1.804077	10.150138	10.150512
719	308	1.804077	9.944232	9.944601
720	311	1.969452	9.856203	9.856560
721	311	1.969452	10.111493	10.111868
722	333	1.738015	10.266144	10.266506
723	333	1.738015	10.065132	10.065470
724	324	1.801466	10.141106	10.141448
725	324	1.801466	10.057645	10.057992
726	345	2.167602	9.571053	9.571402
727	345	2.167602	9.719024	9.719411
728	330	2.008345	10.068844	10.069216
729	330	2.008345	10.083749	10.084107
730	319	1.837900	10.148066	10.148425
731	319	1.837900	10.183273	10.183616
732	346	2.381296	9.662099	9.662439
733	346	2.381296	9.606514	9.629312
734	343	2.012769	9.938407	9.938809
735	343	2.012769	9.611983	9.612347
736	342	2.095326	9.533759	9.534143
737	342	2.095326	9.788980	9.789368
738	312	2.216925	9.684317	9.684682
739	312	2.216925	9.276208	9.276584
740	330	1.852779	9.933278	9.933699
741	330	1.852779	9.861812	9.862197
742	328	1.930596	9.899616	9.900000
743	328	1.930596	9.770232	9.770623
744	322	2.012788	9.627801	9.628178
745	322	2.012788	9.605138	9.605523
746	332	1.882712	9.870265	9.870649
747	332	1.882712	9.844634	9.845006
748	320	1.620138	10.136711	10.137096
749	320	1.620138	10.218991	10.219349
750	330	1.941956	9.923577	9.923894
751	330	1.941956	9.708476	9.708824
752	321	1.565712	10.266483	10.266855
753	321	1.565712	10.300622	10.300956
754	331	2.018902	9.687035	9.687377
755	331	2.018902	9.603568	9.603956
756	304	1.982111	9.619999	9.620393
757	304	1.982111	9.825575	9.825960
758	351	1.832738	9.945999	9.946373
759	351	1.832738	9.878440	9.878798
760	335	1.927981	10.097467	10.097814
761	335	1.927981	9.734732	9.735089
762	331	2.054206	9.507237	9.507630
763	331	2.054206	9.830724	9.831129
764	315	1.733562	10.201411	10.201770
765	315	1.733562	10.088398	10.088724
766	326	1.989594	9.823616	9.823970
767	326	1.989594	9.823797	9.824178
768	365	2.065705	9.704257	9.704638
769	365	2.065705	9.584006	9.584389
770	336	1.932331	9.766827	9.767222
771	336	1.932331	9.572646	9.573027
772	346	2.081193	9.452234	9.452654
773	346	2.081193	9.683038	9.683473
774	351	2.262704	9.442849	9.444993
775	351	2.262704	9.469053	9.469454
776	357	2.040641	9.804022	9.804428
777	357	2.040641	9.750518	9.750904
778	354	2.269396	9.534053	9.534427
779	354	2.269396	9.793469	9.793868
780	331	1.825542	10.225299	10.225696
781	331	1.825542	10.113970	10.114325
782	325	1.949933	9.936622	9.936968
783	325	1.949933	9.720742	9.721097
784	305	1.758712	10.059080	10.059464
785	305	1.758712	10.044914	10.045281
786	310	2.001116	9.613631	9.613992
787	310	2.001116	9.562759	9.563142
788	315	1.905249	9.752118	9.752500
789	315	1.905249	9.620317	9.620688
790	336	2.072281	9.342910	9.343315
791	336	2.072281	9.622064	9.622484
792	328	2.018463	9.730988	9.731379
793	328	2.018463	9.647964	9.648349
794	347	1.944934	9.707236	9.707626
795	347	1.944934	9.933603	9.933985
796	345	2.078093	9.746339	9.746714
797	345	2.078093	9.594584	9.594974
798	340	2.215564	9.417912	9.418303
799	340	2.215564	9.179023	9.179427
800	314	1.764391	9.550302	9.550729
801	314	1.764391	9.892601	9.892981
802	352	1.678000	10.036478	10.036833
803	352	1.678000	10.149769	10.150112
804	346	1.753382	9.960723	9.961051
805	346	1.753382	10.106092	10.106431
806	356	2.093950	9.542608	9.542946
807	356	2.093950	9.554335	9.554705
808	363	2.169481	9.350932	9.351316
809	363	2.169481	9.300495	9.300886
810	351	2.120922	9.290270	9.290691
811	351	2.120922	9.269924	9.270340
812	319	2.157939	9.060641	9.074623
813	319	2.157939	9.172831	9.173251
814	329	2.198652	9.022742	9.023163
815	329	2.198652	9.308260	9.308687
816	312	2.209430	9.157523	9.157956
817	312	2.209430	9.477532	9.477966
818	343	2.155604	9.601915	9.602318
819	343	2.155604	9.584571	9.584967
820	334	2.212632	9.455148	9.455550
821	334	2.212632	9.116097	9.116502
822	328	2.278437	8.929790	8.930236
823	328	2.278437	9.491887	9.492341
824	347	2.116713	9.440366	9.440775
825	347	2.116713	9.695684	9.696078
826	341	1.836226	10.056796	10.057200
827	341	1.836226	10.069446	10.069823
828	345	2.184643	9.500059	9.500434
829	345	2.184643	9.464420	9.464829
830	344	1.980167	9.862525	9.862926
831	344	1.980167	9.810925	9.811306
832	326	1.800361	10.110345	10.111713
833	326	1.800361	9.982996	9.983370
834	335	1.891843	9.970651	9.971020
835	335	1.891843	9.851215	9.851598
836	341	2.180636	9.330071	9.330467
837	341	2.180636	9.414153	9.414578
838	322	2.221874	9.353973	9.354386
839	322	2.221874	9.469378	9.469798
840	323	1.946364	9.687594	9.688006
841	323	1.946364	9.595006	9.595390
842	355	2.147938	9.377973	9.378387
843	355	2.147938	9.386512	9.386946
844	354	2.150672	9.367703	9.368111
845	354	2.150672	9.362876	9.363284
846	318	1.889363	9.771215	9.771623
847	318	1.889363	9.909613	9.909997
848	344	2.179116	9.619117	9.619484
849	344	2.179116	9.572182	9.572579
850	337	1.885163	9.997756	9.998152
851	337	1.885163	9.690751	9.691118
852	336	1.791709	10.140017	10.140388
853	336	1.791709	10.372294	10.372658
854	329	2.085582	9.918344	9.918671
855	329	2.085582	9.680494	9.680848
856	331	2.008955	9.582123	9.582522
857	331	2.008955	9.672563	9.672953
858	328	1.889082	9.700598	9.700989
859	328	1.889082	9.847512	9.847891
860	318	1.577734	10.275300	10.275674
861	318	1.577734	10.432979	10.433322
862	333	1.672806	10.204477	10.204792
863	333	1.672806	10.265507	10.265832
864	332	1.899749	9.941416	9.941755
865	332	1.899749	9.960281	9.960640
866	326	1.729102	10.139490	10.139854
867	326	1.729102	10.163710	10.164062
868	362	1.783941	10.103831	10.104175
869	362	1.783941	10.051694	10.052040
870	330	1.595451	10.393366	10.393715
871	330	1.595451	10.230785	10.231120
872	336	1.655050	10.255176	10.255501
873	336	1.655050	10.254241	10.254571
874	320	1.685803	10.172549	10.172872
875	320	1.685803	10.258302	10.258627
876	292	1.635341	10.146282	10.146615
877	292	1.635341	9.972005	9.972332
878	328	2.128451	9.292860	9.293226
879	328	2.128451	9.320505	9.320918
880	317	1.661691	10.123670	10.124074
881	317	1.661691	10.098090	10.098446
882	301	1.784105	9.799041	9.799438
883	301	1.784105	10.047449	10.047855
884	336	1.948942	9.649847	9.650211
885	336	1.948942	9.634641	9.635022
886	330	2.029670	9.654196	9.654577
887	330	2.029670	9.747580	9.747969
888	327	1.920494	9.777772	9.778158
889	327	1.920494	9.993346	9.993720
890	356	2.265923	9.448192	9.448553
891	356	2.265923	9.392310	9.392702
892	334	1.952963	9.613549	9.613960
893	334	1.952963	9.761915	9.762294
894	299	1.838291	9.848136	9.848529
895	299	1.838291	9.908991	9.909372
896	317	1.904528	9.909028	9.909400
897	317	1.904528	9.750312	9.750690
898	315	2.121801	9.607427	9.607800
899	315	2.121801	9.460213	9.460609
900	334	1.881612	9.835471	9.835904
901	334	1.881612	9.756912	9.757318
902	335	2.198501	9.270902	9.271289
903	335	2.198501	9.486468	9.486888
904	354	1.985003	9.681352	9.681767
905	354	1.985003	9.726401	9.745420
906	325	2.038346	9.559948	9.560335
907	325	2.038346	9.644284	9.644679
908	299	1.978250	9.642229	9.642640
909	299	1.978250	9.776981	9.777385
910	332	2.224092	9.437921	9.438309
911	332	2.224092	9.544895	9.545305
912	314	1.985120	9.972288	9.972688
913	314	1.985120	9.925377	9.925755
914	320	2.190584	9.869132	9.869495
915	320	2.190584	9.787107	9.787491
916	305	2.288323	9.628213	9.628610
917	305	2.288323	9.514385	9.514793
918	326	2.050850	9.799962	9.800363
919	326	2.050850	9.714794	9.715171
920	308	1.852836	9.955568	9.955961
921	308	1.852836	10.083691	10.084065
922	318	1.765957	10.095223	10.095590
923	318	1.765957	10.085125	10.085483
924	311	1.934229	9.935701	9.936058
925	311	1.934229	9.796774	9.797147
926	300	1.716133	10.033914	10.034309
927	300	1.716133	10.355772	10.356143
928	286	1.837204	10.145772	10.146115
929	286	1.837204	9.882103	9.882460
930	288	2.066707	9.543798	9.544180
931	288	2.066707	9.847251	9.847657
932	314	1.883110	10.062411	10.062790
933	314	1.883110	10.311090	10.311450
934	314	2.139911	9.893500	9.893851
935	314	2.139911	9.828373	9.828748
936	299	1.940351	10.045172	10.045559
937	299	1.940351	10.261665	10.262034
938	344	2.045928	10.029990	10.030348
939	344	2.045928	9.951531	9.951898
940	318	1.838021	10.228389	10.228777
941	318	1.838021	10.098548	10.098916
942	321	2.015860	10.055200	10.055563
943	321	2.015860	9.894545	9.894925
944	297	2.008612	9.957611	9.957976
945	297	2.008612	9.807722	9.808086
946	273	1.622073	10.403823	10.404234
947	273	1.622073	10.214338	10.214709
948	290	2.239011	9.430761	9.431132
949	290	2.239011	9.751914	9.752348
950	290	1.624921	10.342931	10.343341
951	290	1.624921	10.368579	10.368929
952	286	1.966158	9.663726	9.664094
953	286	1.966158	9.914515	9.914918
954	294	1.847623	10.018488	10.018874
955	294	1.847623	9.883389	9.883762
956	309	2.090661	9.772352	9.772725
957	309	2.090661	9.450315	9.450715
958	323	2.182935	9.296073	9.296493
959	323	2.182935	9.324804	9.325231
960	336	2.177647	9.591264	9.591708
961	336	2.177647	9.667422	9.667869
962	301	1.993515	9.878348	9.878752
963	301	1.993515	9.771682	9.772069
964	312	2.264151	9.365575	9.365999
965	312	2.264151	9.249971	9.250424
966	310	2.226321	9.269824	9.270284
967	310	2.226321	9.468100	9.468555
968	304	2.039763	9.578912	9.579329
969	304	2.039763	9.596586	9.596987
970	298	2.019832	9.518686	9.519093
971	298	2.019832	9.503143	9.503551
972	332	2.360376	8.944382	8.944798
973	332	2.360376	9.168555	9.169006
974	303	1.991230	9.595132	9.595568
975	303	1.991230	9.545204	9.545602
976	334	2.396337	9.135764	9.136183
977	334	2.396337	9.044476	9.044939
978	327	2.143870	9.422533	9.423008
979	327	2.143870	9.573810	9.574256
980	335	2.192577	9.619662	9.620075
981	335	2.192577	9.516673	9.517090
982	306	2.212524	9.321271	9.321708
983	306	2.212524	9.242502	9.242942
984	323	2.267607	9.171895	9.172330
985	323	2.267607	9.288097	9.288537
986	324	2.083835	9.417570	9.418008
987	324	2.083835	9.590457	9.590877
988	309	1.894853	9.735185	9.735601
989	309	1.894853	9.854259	9.854657
990	339	2.248648	9.374337	9.374726
991	339	2.248648	9.357924	9.358346
992	340	2.361052	9.238895	9.239318
993	340	2.361052	9.411285	9.411715
994	328	1.834641	9.954776	9.955209
995	328	1.834641	10.084246	10.084627
996	349	1.824340	10.151243	10.151587
997	349	1.824340	10.161969	10.162313
998	291	1.839637	10.166892	10.167269
999	291	1.839637	9.931904	9.932281
1000	302	1.774625	10.016861	10.017263
