
0.2   0.3   
0.4   0.7   
0.8   1.1   
1.4   1.5   
1.8   1.9   
2.2   2.3   
2.8   2.8   
3.2   3.2   
3.6   3.6   
4.2   4.0   
4.5   4.4   
4.9   4.8   
5.5   5.2   
5.9   5.6   
6.3   6.1   
6.9   6.5   
7.3   6.9   
7.8   7.3   
8.2   7.7   
8.6   8.1   
9.0   8.4   
9.6   8.8   
9.9   9.2   
10.3   9.6   
10.7   9.9   
11.1   10.2   
11.5   10.6   
11.8   11.0   
12.4   11.4   
12.8   11.8   
13.1   12.2   
13.7   12.6   
14.1   12.9   
14.4   13.3   
15.0   13.7   
15.4   14.1   
15.7   14.5   
16.1   14.8   
16.7   15.2   
17.0   15.6   
17.4   16.0   
17.9   16.4   
18.3   16.7   
18.6   17.1   
19.0   17.5   
19.5   17.8   
19.9   18.2   
20.3   18.6   
20.8   18.9   
21.2   19.3   
21.5   19.7   
21.9   20.1   
22.4   20.4   
22.7   20.8   
23.3   21.2   
23.6   21.6   
24.0   21.9   
24.3   22.3   
24.8   22.7   
25.2   23.0   
25.5   23.4   
26.1   23.7   
26.4   24.1   
26.7   24.4   
27.3   24.8   
27.6   25.1   
27.9   25.5   
28.4   25.9   
28.8   26.2   
29.1   26.6   
29.5   26.9   
30.0   27.2   
30.3   27.6   
30.6   28.0   
31.1   28.3   
31.5   28.6   
31.8   29.0   
32.1   29.3   
32.6   29.7   
32.9   30.0   
33.3   30.4   
33.8   30.7   
34.1   31.1   
34.4   31.4   
34.9   31.7   
35.2   32.1   
35.5   32.4   
35.9   32.8   
36.3   33.1   
36.7   33.4   
37.0   33.7   
37.4   34.0   
37.8   34.4   
38.1   34.7   
38.4   35.0   
38.9   35.4   
39.2   35.7   
39.5   36.0   
40.0   36.4   
40.3   36.7   
40.6   37.0   
41.0   37.4   
41.3   37.7   
41.6   38.0   
42.0   38.3   
42.4   38.6   
42.7   38.9   
43.0   39.2   
43.5   39.6   
43.8   39.9   
44.1   40.2   
44.5   40.5   
44.8   40.8   
45.1   41.1   
45.4   41.5   
45.8   41.8   
46.1   42.1   
46.4   42.4   
46.9   42.7   
47.2   43.0   
47.5   43.3   
47.9   43.6   
48.2   44.0   
48.5   44.3   
48.9   44.5   
49.2   44.8   
49.5   45.1   
49.8   45.4   
50.2   45.7   
50.5   46.0   
50.7   46.3   
51.0   46.6   
51.4   46.9   
51.7   47.2   
52.1   47.5   
52.4   47.8   
52.7   48.1   
53.1   48.4   
53.4   48.7   
53.6   49.0   
54.1   49.3   
54.3   49.6   
54.6   49.9   
55.0   50.2   
55.3   50.5   
55.5   50.7   
55.8   51.0   
56.2   51.3   
56.5   51.6   
56.9   51.9   
57.1   52.2   
57.4   52.5   
57.6   52.7   
58.0   53.0   
58.3   53.3   
58.5   53.6   
58.9   53.9   
59.2   54.1   
59.6   54.4   
59.8   54.7   
60.1   54.9   
60.5   55.2   
60.7   55.5   
61.0   55.7   
61.3   56.0   
61.6   56.3   
61.8   56.5   
62.2   56.8   
62.4   57.1   
62.8   57.4   
63.1   57.6   
63.3   57.9   
63.7   58.1   
63.9   58.4   
64.1   58.6   
64.5   58.9   
64.7   59.1   
65.0   59.4   
65.3   59.7   
65.6   59.9   
65.9   60.2   
66.2   60.5   
66.4   60.7   
66.7   60.9   
67.0   61.2   
67.2   61.4   
67.5   61.6   
67.8   61.9   
68.0   62.1   
68.3   62.4   
68.6   62.6   
68.8   62.8   
69.0   63.1   
69.3   63.3   
69.6   63.5   
69.8   63.8   
70.0   64.0   
70.3   64.2   
70.5   64.4   
70.8   64.7   
71.1   64.9   
71.3   65.1   
71.5   65.3   
71.7   65.6   
72.0   65.8   
72.4   66.0   
72.6   66.3   
72.9   66.6   
73.1   66.8   
73.4   67.0   
73.6   67.3   
73.9   67.5   
74.1   67.8   
74.4   67.9   
74.6   68.1   
74.7   68.2   
74.9   68.4   
75.1   68.5   
75.2   68.7   
75.4   68.8   
75.5   69.0   
75.7   69.1   
75.9   69.2   
76.0   69.4   
76.2   69.5   
76.3   69.7   
76.5   69.8   
76.6   69.9   
76.8   70.1   
77.0   70.2   
77.1   70.3   
77.3   70.5   
77.5   70.7   
77.7   70.9   
77.8   71.1   
78.0   71.2   
78.2   71.4   
78.4   71.6   
78.6   71.8   
78.8   72.0   
79.0   72.1   
79.1   72.3   
79.3   72.5   
79.6   72.7   
79.7   72.8   
79.9   73.0   
80.1   73.2   
80.3   73.3   
80.5   73.5   
80.7   73.7   
80.8   73.8   
81.0   74.0   
81.2   74.2   
81.4   74.3   
81.5   74.5   
81.7   74.7   
81.9   74.8   
82.0   75.0   
82.2   75.1   
82.4   75.3   
82.6   75.5   
82.7   75.6   
82.9   75.8   
83.1   75.9   
83.3   76.1   
83.5   76.2   
83.6   76.4   
83.8   76.5   
83.9   76.7   
84.1   76.9   
84.3   77.0   
84.4   77.2   
84.6   77.3   
84.7   77.5   
84.9   77.6   
85.0   77.7   
85.2   77.9   
85.4   78.0   
85.5   78.2   
85.7   78.3   
85.8   78.5   
86.0   78.6   
86.1   78.7   
86.3   78.9   
86.4   79.0   
86.6   79.2   
86.7   79.3   
86.8   79.4   
87.0   79.6   
87.1   79.7   
87.3   79.8   
87.4   80.0   
87.6   80.1   
87.7   80.2   
87.8   80.4   
88.0   80.5   
88.1   80.6   
88.3   80.8   
88.4   80.9   
88.5   81.0   
88.7   81.2   
88.8   81.3   
88.9   81.4   
89.1   81.5   
89.2   81.7   
89.3   81.8   
89.5   81.9   
89.6   82.0   
89.7   82.2   
89.8   82.3   
90.0   82.4   
90.1   82.5   
90.2   82.6   
90.3   82.8   
90.5   82.9   
90.6   83.0   
90.7   83.1   
90.8   83.2   
91.0   83.3   
91.1   83.5   
91.3   83.6   
91.4   83.7   
91.5   83.8   
91.6   83.9   
91.7   84.0   
91.8   84.2   
92.0   84.3   
92.1   84.4   
92.2   84.5   
92.3   84.6   
92.4   84.7   
92.5   84.8   
92.6   84.9   
92.7   85.0   
92.9   85.1   
92.9   85.2   
93.0   85.3   
93.2   85.4   
93.3   85.5   
93.4   85.6   
93.4   85.7   
93.5   85.8   
93.6   85.9   
93.7   86.0   
93.8   86.1   
93.9   86.2   
94.0   86.3   
94.2   86.4   
94.3   86.5   
94.4   86.6   
94.5   86.7   
94.6   86.8   
94.7   86.9   
94.8   87.0   
94.9   87.2   
95.0   87.2   
95.1   87.3   
95.2   87.5   
95.3   87.6   
95.4   87.7   
95.5   87.8   
95.6   87.9   
95.7   88.0   
95.8   88.0   
95.9   88.1   
96.0   88.2   
96.1   88.3   
96.2   88.4   
96.3   88.5   
96.4   88.5   
96.4   88.6   
96.5   88.7   
96.6   88.8   
96.7   88.8   
96.8   88.9   
96.8   89.0   
97.0   89.0   
97.0   89.1   
97.1   89.2   
97.2   89.3   
97.3   89.3   
97.4   89.4   
97.4   89.5   
97.5   89.5   
97.5   89.6   
97.6   89.6   
97.7   89.7   
97.8   89.8   
97.8   89.8   
97.9   89.9   
98.0   89.9   
98.1   90.0   
98.1   90.0   
98.2   90.1   
98.2   90.2   
98.3   90.2   
98.3   90.3   
98.4   90.3   
98.5   90.4   
98.5   90.4   
98.6   90.5   
98.6   90.5   
98.7   90.6   
98.8   90.6   
98.8   90.7   
98.8   90.7   
98.9   90.7   
98.9   90.8   
99.0   90.8   
99.0   90.9   
99.1   90.9   
99.1   90.9   
99.2   91.0   
99.2   91.0   
99.3   91.0   
99.3   91.1   
99.3   91.1   
99.4   91.2   
99.4   91.2   
99.4   91.2   
99.5   91.2   
99.5   91.3   
99.5   91.3   
99.6   91.3   
99.6   91.4   
99.6   91.4   
99.7   91.4   
99.7   91.4   
99.7   91.5   
99.7   91.5   
99.8   91.5   
99.8   91.5   
99.8   91.5   
99.8   91.5   
99.8   91.6   
99.9   91.6   
99.9   91.6   
99.9   91.6   
99.9   91.6   
99.9   91.6   
99.9   91.6   
99.9   91.7   
100.0   91.7   
100.0   91.7   
100.0   91.7   
100.0   91.7   
100.0   91.7   
100.0   91.7   
100.0   91.7   
100.0   91.7  
