      1  446
      1  451
      3  452
      2  453
      3  454
     16  455
     27  456
     41  457
     79  458
    111  459
    199  460
    334  461
    551  462
    831  463
   1284  464
   1898  465
   2529  466
   3746  467
   4904  468
   6339  469
   7852  470
   9561  471
  11334  472
  12695  473
  13974  474
  14672  475
  14405  476
  13989  477
  12856  478
  11119  479
   9470  480
   7348  481
   5589  482
   3810  483
   2620  484
   1630  485
    886  486
    473  487
    232  488
    120  489
     40  490
     14  491
      5  492
      1  493
